17.333334                   25.444445                   28.333334
18.333334                   21.444445                   27.222221
17.11111                    17.88889                    23.88889
10.888889                   13.666667                   19.11111
10.666667                   12.444445                   19.11111
13.333333                   11.777778                   19.88889
6.5555553                   7.3333335                   13.777778
12.333333                   16.333334                   22.222221
13.555555                   15.555555                   22.333334
6.2222223                   6                           7
4.888889                    4.666667                    10.444445
12.666667                   12.444445                   21
17.11111                    22.555555                   29.444445
15.777778                   18.444445                   24.555555
6.5555553                   6.4444447                   11.555555
15.444445                   17.777779                   27.555555
12.444445                   15.222222                   18.666668
12.444445                   13.555555                   20.11111
14.444445                   13.333333                   20.333334
6.2222223                   5.5555553                   11.555555
9.555555                    10.777778                   17.222223
12.111111                   14.888889                   18.555555
20.11111                    25.333334                   30.88889
9.777778                    9.888889                    15.888889
5.3333335                   5.4444447                   11.222222
9.888889                    12.111111                   18
10.666667                   12.666667                   17.777779
13.111111                   16.666668                   18.444445
10.888889                   13                          18.555555
11.555555                   9.777778                    17.555555
10.888889                   9.222222                    18.666668
11.666667                   10.333334                   19.222221
10.333334                   9.333334                    17.11111
11                          9                           18.11111
13.888889                   11.777778                   21.11111
10.222222                   8.111112                    18
13.222222                   11.444445                   19.222221
14.777778                   12.888889                   18.222221
12.555555                   11.333333                   19.555555
11.222222                   11.111111                   18.777779
9.777778                    9.333334                    17.333334
10.333334                   10.333334                   16.88889
8.777778                    8.111112                    16.88889
10.444445                   9.444445                    18.777779
6.3333335                   6.5555553                   13.888889
9.777778                    9                           17
8.666667                    7                           16.333334
12.333333                   11                          19.333334
15.111111                   17                          23.333334
14.555555                   12.777778                   23
10                          9                           18.222221
8.888889                    9.555555                    17.444445
12.666667                   11.555555                   20
10.888889                   10                          18.777779
13.555555                   14.333333                   21.222221
13.222222                   12.777778                   19.666668
10.333334                   10.222222                   19.11111
6.5555553                   7.3333335                   13.777778
11.111111                   10.666667                   19.11111
21.444445                   17.777779                   22.777779
9.222222                    10.333334                   14.444445
7.4444447                   6.4444447                   15.444445
7.4444447                   7.111111                    14.666667
9.333334                    8.888889                    17.333334
13.333333                   14                          19.88889
10.666667                   9.777778                    18
9.555555                    9.222222                    16.11111
9.444445                    8.555555                    17.11111
10.333334                   8.333334                    18.777779
11.555555                   9.777778                    17.555555
13.777778                   12.888889                   18.444445
8.666667                    6.6666665                   16.11111
10                          9                           17.88889
8.888889                    7.6666665                   15.888889
10.111111                   8                           17.555555
15.333333                   13                          21.777779
9.666667                    10.555555                   16.333334
14.444445                   12.777778                   21.333334
14.444445                   15.666667                   21.444445
9                           9.777778                    16.222223
12                          13.555555                   18.333334
14.444445                   13.333333                   20.333334
13.333333                   11.777778                   19.88889
14.444445                   16.333334                   23.11111
20.666668                   19.88889                    29
11.333333                   15.666667                   17.444445
13.444445                   15.555555                   21.777779
16.777779                   15.666667                   24.666666
19.444445                   19.777779                   29
11.444445                   11.333333                   18.11111
9.666667                    12.666667                   17.444445
16.444445                   16.333334                   24.222221
10.444445                   12.777778                   15.333333
12.777778                   16.88889                    19.555555
11.666667                   12.555555                   19.11111
20                          20.666668                   29.333334
9.555555                    12.444445                   15.888889
21.777779                   19.11111                    28.555555
8.111112                    9.777778                    14.333333
13.444445                   18                          19.88889
17.444445                   16.666668                   25.333334
12                          14.777778                   18.555555
13.777778                   15.888889                   22.333334
9.555555                    10.333334                   16.555555
19                          19.777779                   27.777779
9.555555                    11.666667                   17.222223
6.5555553                   7.2222223                   12.666667
14.111111                   11.444445                   20.444445
15.777778                   17.333334                   23.88889
15.444445                   14                          23.333334
12.666667                   12.444445                   21
12                          15                          18.222221
11.111111                   14.555555                   17.88889
12.111111                   11.777778                   19.777779
9.444445                    11                          17.444445
7.6666665                   9.666667                    13.777778
12.111111                   12.222222                   20
11.666667                   12.444445                   20.11111
13.555555                   13.888889                   21.444445
14.666667                   15.666667                   23.666666
10.888889                   12                          17.222223
5.888889                    7                           11.888889
6.7777777                   8                           12.777778
11.111111                   13                          18.333334
13.333333                   14.222222                   21
12.444445                   13.555555                   20.11111
12.444445                   14.333333                   20.444445
10.888889                   14                          18.11111
15.222222                   18.333334                   23.444445
11.555555                   10.444445                   18.11111
16.444445                   18.666668                   23.88889
13.222222                   13.444445                   22.88889
14.555555                   14.111111                   23.222221
16.444445                   16.444445                   24.777779
11.444445                   13.222222                   20.555555
19.555555                   24.11111                    29.88889
21.11111                    29.666666                   33.333336
24.555555                   30.11111                    35.666668
16.666668                   20.333334                   26.88889
17.777779                   23.444445                   28.555555
17.222223                   26                          29.555555
17.11111                    22.555555                   29.444445
15                          15.333333                   25.333334
16.555555                   19.666668                   28
19.777779                   21.222221                   27.555555
14.666667                   17.666668                   25.11111
14.333333                   17.11111                    25.555555
14                          14.888889                   24.777779
18.88889                    19.666668                   29.88889
19.666668                   25.777779                   29.666666
14.666667                   16.222223                   25.11111
15.555555                   16.666668                   26.444445
19.666668                   26.11111                    29.555555
16.444445                   22.222221                   27.88889
17.444445                   22                          28.222221
15.111111                   17                          25
20.11111                    25.333334                   30.88889
17.666668                   20.88889                    29
15.333333                   16.88889                    26
18.666668                   23.777779                   28.777779
16.11111                    19.222221                   26.222221
14.222222                   15.444445                   22.88889
17                          17.88889                    28.555555
20.88889                    23                          31.444445
21.11111                    24                          32.555557
16                          17.11111                    26.555555
14                          15.777778                   24.222221
17.333334                   25.444445                   28.333334
15.444445                   17.777779                   27.555555
23.222221                   25.11111                    32.333336
20.88889                    25                          32
21.11111                    22.444445                   34.11111
15.888889                   17.555555                   26.88889
18.11111                    22.666666                   30.666666
15.222222                   18.777779                   27.333334
14.555555                   19                          26
16.555555                   17.88889                    26.11111
14.222222                   15.444445                   24.555555
19.222221                   22.444445                   30.555555
21.88889                    25.11111                    33.444447
17.555555                   19.666668                   29.444445
19.555555                   19.777779                   28.11111
15.444445                   17.666668                   25.444445
15.111111                   18.777779                   25.555555
11.888889                   15                          21.444445
9.222222                    11.555555                   16.444445
13                          16                          21.555555
10.777778                   15.333333                   18.11111
17.444445                   18.777779                   27.555555
8.666667                    10.777778                   15.777778
12.222222                   14.555555                   18.666668
12.666667                   14.444445                   21.11111
14.111111                   17.88889                    21.222221
13.111111                   14                          22.555555
15.444445                   14.888889                   25.333334
14.333333                   14.333333                   22.88889
12.444445                   15.222222                   18.666668
12.111111                   14.888889                   18.555555
13.777778                   16                          22.666666
12.555555                   13.111111                   20.444445
12.444445                   15.111111                   19.555555
12.888889                   14.666667                   22.222221
18.11111                    18.11111                    27.555555
17.11111                    17.88889                    23.88889
10.555555                   12.111111                   17.666668
13.111111                   16.666668                   18.444445
17                          18.11111                    23.555555
11.111111                   13.111111                   18.444445
11.666667                   14                          19.777779
11.333333                   12.333333                   17
10.777778                   12.888889                   17.222223
21.222221                   21.444445                   30.88889
15.333333                   18.222221                   22
13.222222                   16.666668                   20.444445
11.111111                   12.333333                   17.777779
15                          16.555555                   21.777779
20.88889                    21.777779                   28.666666
20.222221                   21.11111                    30.11111
15.555555                   17.666668                   24.555555
11.777778                   15.888889                   19.222221
14.666667                   17.11111                    24.222221
13.555555                   17.11111                    22.222221
16.88889                    18.11111                    24.666666
11.444445                   13.333333                   18.88889
13.777778                   14.666667                   20.666668
12                          14.333333                   20
10.111111                   14.444445                   17.333334
10.777778                   13.666667                   17.555555
18.333334                   21.444445                   27.222221
13.888889                   17.222223                   23.88889
9.555555                    10.777778                   17.222223
7.4444447                   10.666667                   14.666667
15.111111                   18.88889                    24.666666
8.333334                    11                          15.777778
8.888889                    11.888889                   17
11.222222                   14.222222                   19.88889
15.444445                   18.444445                   24
14                          17.333334                   23
14.444445                   19.777779                   22.777779
10.888889                   13.666667                   19.11111
9.888889                    12.111111                   18
15.111111                   18.666668                   25
7.5555553                   8.111112                    15.888889
11.888889                   13.777778                   19.11111
10.666667                   12.444445                   19.11111
11.666667                   13.333333                   20.555555
11.555555                   13.111111                   19.222221
14.222222                   17.11111                    23.222221
12.888889                   16.444445                   22.666666
11.222222                   13.555555                   19.333334
12.444445                   14.222222                   20.777779
10.666667                   12.666667                   17.777779
12.333333                   15                          20.88889
15.888889                   18.777779                   25.11111
12                          16.88889                    19
13.111111                   17.88889                    21.555555
12.777778                   15                          20.777779
12.777778                   15.666667                   21.333334
13.555555                   15.555555                   22.333334
15.111111                   17.777779                   24.333334
5.4444447                   7.3333335                   12.555555
9.444445                    12                          17.444445
9.444445                    9.444445                    14.333333
15.222222                   18.222221                   24.88889
10.777778                   12.444445                   18.666668
8.777778                    11.111111                   17
19.222221                   24.222221                   29.444445
10.222222                   11.888889                   18.333334
10                          11.888889                   18.444445
13.444445                   17.333334                   24
10.888889                   13                          18.555555
13.444445                   20                          23.333334
9.666667                    13.111111                   18.777779
13.555555                   14.555555                   20.11111
12.333333                   16.333334                   22.222221
14.888889                   18.222221                   24.666666
15.777778                   18.444445                   24.555555
15.666667                   18.555555                   24.666666
7.5555553                   9.333334                    15.777778
15.222222                   15.444445                   23.222221
11.666667                   13.111111                   20.11111
11.444445                   13.555555                   19.666668
12.555555                   15.444445                   20.777779
6                           5.888889                    12.444445
8                           7.5555553                   10.111111
6.3333335                   6.888889                    12.333333
11.111111                   11.888889                   17.777779
5                           4.2222223                   9.666667
6.5555553                   6.4444447                   11.555555
7.4444447                   5.6666665                   12.444445
6.2222223                   5.5555553                   11.555555
4                           4.4444447                   8.777778
4.888889                    4.666667                    10.444445
6                           4.2222223                   11.111111
9.777778                    9.888889                    15.888889
6                           6.7777777                   11.333333
9.555555                    10.111111                   8.555555
5.3333335                   5.4444447                   11.222222
11.666667                   15                          14.333333
12                          14.111111                   16.777779
5.7777777                   5.888889                    11.444445
9.333334                    10.777778                   16.11111
6.2222223                   6                           7
5.6666665                   5.3333335                   8.333334
6.111111                    5.111111                    11.222222
5                           4.7777777                   10.666667
9.777778                    9.444445                    16.222223
12.222222                   13.111111                   14.777778
5.111111                    4.888889                    9.444445
21.11111                    25.11111                    19.555555
9.666667                    9.777778                    11.666667
11.666667                   16.777779                   13.777778
9.444445                    10.111111                   16.444445
4.111111                    4                           9.888889
10.888889                   12.555555                   17
5.7777777                   6.5555553                   11.222222
12.888889                   13.777778                   17.11111
5.111111                    4.4444447                   11.222222
5.3333335                   5                           9.555555
10.111111                   11.777778                   17.11111
5.111111                    5                           11.111111
4.2222223                   4.5555553                   8.777778
4.111111                    4.3333335                   8.333334
9.333334                    9.666667                    15.888889
6.6666665                   7                           9.555555
8.555555                    7.6666665                   11.777778
8.666667                    7.4444447                   13.777778
6.5555553                   5.6666665                   11.777778
11.222222                   12.111111                   16.777779
4.2222223                   4.2222223                   8.888889
  95.11111500 128.88889000 105.11111500
 119.22222000 142.88889000 123.22222000
 129.77779000 146.33334000 132.77779000
  93.88888500 126.55556000 102.77778000
 101.00000000 129.22223000 104.66666400
 115.55556000 140.88889000 121.44444000
  96.44444000 130.66667000 107.66666400
 100.11111500 132.11111000 109.22222000
  99.44444000 131.11111000 108.44444000
 101.00000000 132.22223000 107.77778000
  98.55556000 130.55556000 107.11111500
 102.33333600 130.11111000 108.88888500
  99.00000000 129.33334000 108.00000000
 115.11111500 141.00000000 120.11111500
 111.44444000 140.00000000 118.22222000
 115.66666400 142.33334000 121.66666400
 115.11111500 142.22223000 121.33333600
 109.22222000 139.00000000 116.88888500
 126.55556000 145.44444000 131.11111000
 126.44444000 147.22223000 131.11111000
 129.44444000 145.55556000 131.55556000
 116.33333600 141.77779000 120.44444000
  83.33333600 122.55556000  90.33333600
  76.44444000 119.33333600  83.00000000
  88.00000000 125.66666400  93.77778000
  91.22222000 127.33333600  97.88888500
 100.77778000 126.33333600 103.00000000
  84.00000000 121.55556000  90.22222000
  88.11111500 124.55556000  93.11111500
 105.66666400 128.33334000 105.33333600

