  24.55555500  30.11111000  35.66666800
  21.11111000  29.66666600  33.33333600
  19.66666800  26.11111000  29.55555500
  17.22222300  26.00000000  29.55555500
  19.66666800  25.77777900  29.66666600
  17.33333400  25.44444500  28.33333400
  17.33333400  25.44444500  28.33333400
  20.11111000  25.33333400  30.88889000
  20.11111000  25.33333400  30.88889000
  23.22222100  25.11111000  32.33333600
  21.88889000  25.11111000  33.44444700
  21.11111000  25.11111000  19.55555500
  20.88889000  25.00000000  32.00000000
  19.22222100  24.22222100  29.44444500
  19.55555500  24.11111000  29.88889000
  18.66666800  23.77777900  28.77777900
  17.77777900  23.44444500  28.55555500
  20.88889000  23.00000000  31.44444500
  18.11111000  22.66666600  30.66666600
  17.11111000  22.55555500  29.44444500
  17.11111000  22.55555500  29.44444500
  21.11111000  22.44444500  34.11111000
  19.22222100  22.44444500  30.55555500
  16.44444500  22.22222100  27.88889000
  20.88889000  21.77777900  28.66666600
  18.33333400  21.44444500  27.22222100
  21.22222100  21.44444500  30.88889000
  18.33333400  21.44444500  27.22222100
  19.77777900  21.22222100  27.55555500
  20.22222100  21.11111000  30.11111000
  17.66666800  20.88889000  29.00000000
  20.00000000  20.66666800  29.33333400
  16.66666800  20.33333400  26.88889000
  13.44444500  20.00000000  23.33333400
  20.66666800  19.88889000  29.00000000
  19.44444500  19.77777900  29.00000000
  19.00000000  19.77777900  27.77777900
  19.55555500  19.77777900  28.11111000
  14.44444500  19.77777900  22.77777900
  16.55555500  19.66666800  28.00000000
  18.88889000  19.66666800  29.88889000
  17.55555500  19.66666800  29.44444500
  16.11111000  19.22222100  26.22222100
  14.55555500  19.00000000  26.00000000
  15.11111100  18.88889000  24.66666600
  15.22222200  18.77777900  27.33333400
  15.11111100  18.77777900  25.55555500
  17.44444500  18.77777900  27.55555500
  16.44444500  18.66666800  23.88889000
  15.11111100  18.66666800  25.00000000
  15.66666700  18.55555500  24.66666600
  15.77777800  18.44444500  24.55555500
  15.44444500  18.44444500  24.00000000
  15.22222200  18.33333400  23.44444500
  15.33333300  18.22222100  22.00000000
  15.22222200  18.22222100  24.88889000
  14.88888900  18.22222100  24.66666600
  18.11111000  18.11111000  27.55555500
  17.00000000  18.11111000  23.55555500
  16.88889000  18.11111000  24.66666600
  13.44444500  18.00000000  19.88889000
  17.11111000  17.88889000  23.88889000
  17.00000000  17.88889000  28.55555500
  16.55555500  17.88889000  26.11111000
  14.11111100  17.88889000  21.22222100
  17.11111000  17.88889000  23.88889000
  13.11111100  17.88889000  21.55555500
  15.44444500  17.77777900  27.55555500
  21.44444500  17.77777900  22.77777900
  15.44444500  17.77777900  27.55555500
  15.11111100  17.77777900  24.33333400
  14.66666700  17.66666800  25.11111000
  15.44444500  17.66666800  25.44444500
  15.55555500  17.66666800  24.55555500
  15.88888900  17.55555500  26.88889000
  15.77777800  17.33333400  23.88889000
  14.00000000  17.33333400  23.00000000
  13.44444500  17.33333400  24.00000000
  13.88888900  17.22222300  23.88889000
  14.33333300  17.11111000  25.55555500
  16.00000000  17.11111000  26.55555500
  13.55555500  17.11111000  22.22222100
  14.22222200  17.11111000  23.22222100
  15.11111100  17.00000000  23.33333400
  12.77777800  16.88889000  19.55555500
  15.33333300  16.88889000  26.00000000
  12.00000000  16.88889000  19.00000000
  11.66666700  16.77777900  13.77777800
  13.11111100  16.66666800  18.44444500
  17.44444500  16.66666800  25.33333400
  15.55555500  16.66666800  26.44444500
  13.11111100  16.66666800  18.44444500
  13.22222200  16.66666800  20.44444500
  15.00000000  16.55555500  21.77777900
  16.44444500  16.44444500  24.77777900
  12.88888900  16.44444500  22.66666600
  14.44444500  16.33333400  23.11111000
  16.44444500  16.33333400  24.22222100
  12.33333300  16.33333400  22.22222100
  14.66666700  16.22222300  25.11111000
  13.77777800  16.00000000  22.66666600
  11.77777800  15.88888900  19.22222100
  14.00000000  15.77777800  24.22222100
  14.44444500  15.66666700  21.44444500
  11.33333300  15.66666700  17.44444500
  16.77777900  15.66666700  24.66666600
  14.66666700  15.66666700  23.66666600
  12.77777800  15.66666700  21.33333400
  13.55555500  15.55555500  22.33333400
  13.55555500  15.55555500  22.33333400
  14.22222200  15.44444500  22.88889000
  14.22222200  15.44444500  24.55555500
  15.22222200  15.44444500  23.22222100
  12.55555500  15.44444500  20.77777900
  15.00000000  15.33333300  25.33333400
  10.77777800  15.33333300  18.11111000
  12.44444500  15.22222200  18.66666800
  12.44444500  15.22222200  18.66666800
  12.44444500  15.11111100  19.55555500
  12.00000000  15.00000000  18.22222100
  11.88888900  15.00000000  21.44444500
  12.33333300  15.00000000  20.88889000
  11.66666700  15.00000000  14.33333300
  12.11111100  14.88888900  18.55555500
  14.00000000  14.88888900  24.77777900
  15.44444500  14.88888900  25.33333400
  12.11111100  14.88888900  18.55555500
  12.00000000  14.77777800  18.55555500
  12.88888900  14.66666700  22.22222100
  11.11111100  14.55555500  17.88889000
  12.22222200  14.55555500  18.66666800
  13.55555500  14.55555500  20.11111000
  12.66666700  14.44444500  21.11111000
  10.11111100  14.44444500  17.33333400
  13.55555500  14.33333300  21.22222100
  12.44444500  14.33333300  20.44444500
  14.33333300  14.33333300  22.88889000
  12.00000000  14.33333300  20.00000000
  13.33333300  14.22222200  21.00000000
  11.22222200  14.22222200  19.88889000
  12.44444500  14.22222200  20.77777900
  14.55555500  14.11111100  23.22222100
  12.00000000  14.11111100  16.77777900
  13.33333300  14.00000000  19.88889000
  15.44444500  14.00000000  23.33333400
  10.88888900  14.00000000  18.11111000
  13.11111100  14.00000000  22.55555500
  11.66666700  14.00000000  19.77777900
  13.55555500  13.88888900  21.44444500
  12.88888900  13.77777800  17.11111000
  10.88888900  13.66666700  19.11111000
  10.77777800  13.66666700  17.55555500
  10.88888900  13.66666700  19.11111000
  12.44444500  13.55555500  20.11111000
  12.00000000  13.55555500  18.33333400
  12.44444500  13.55555500  20.11111000
  11.22222200  13.55555500  19.33333400
  11.44444500  13.55555500  19.66666800
  13.22222200  13.44444500  22.88889000
  14.44444500  13.33333300  20.33333400
  14.44444500  13.33333300  20.33333400
  11.44444500  13.33333300  18.88889000
  11.66666700  13.33333300  20.55555500
  11.44444500  13.22222200  20.55555500
  12.55555500  13.11111100  20.44444500
  11.11111100  13.11111100  18.44444500
  11.55555500  13.11111100  19.22222100
   9.66666700  13.11111100  18.77777900
  11.66666700  13.11111100  20.11111000
  10.88888900  13.00000000  18.55555500
  15.33333300  13.00000000  21.77777900
  11.11111100  13.00000000  18.33333400
  10.88888900  13.00000000  18.55555500
  14.77777800  12.88888900  18.22222100
  10.77777800  12.88888900  17.22222300
  14.55555500  12.77777800  23.00000000
  13.22222200  12.77777800  19.66666800
  14.44444500  12.77777800  21.33333400
  10.66666700  12.66666700  17.77777900
   9.66666700  12.66666700  17.44444500
  10.66666700  12.66666700  17.77777900
  11.66666700  12.55555500  19.11111000
  10.88888900  12.55555500  17.00000000
  10.66666700  12.44444500  19.11111000
  12.66666700  12.44444500  21.00000000
   9.55555500  12.44444500  15.88888900
  11.66666700  12.44444500  20.11111000
  10.66666700  12.44444500  19.11111000
  10.77777800  12.44444500  18.66666800
  11.11111100  12.33333300  17.77777900
  12.11111100  12.22222200  20.00000000
  10.55555500  12.11111100  17.66666800
   9.88888900  12.11111100  18.00000000
  11.22222200  12.11111100  16.77777900
  10.88888900  12.00000000  17.22222300
   9.44444500  12.00000000  17.44444500
   8.88888900  11.88888900  17.00000000
  10.22222200  11.88888900  18.33333400
  10.00000000  11.88888900  18.44444500
  11.11111100  11.88888900  17.77777900
  13.33333300  11.77777800  19.88889000
  13.88888900  11.77777800  21.11111000
  13.33333300  11.77777800  19.88889000
  10.11111100  11.77777800  17.11111000
   9.55555500  11.66666700  17.22222300
  12.66666700  11.55555500  20.00000000
   9.22222200  11.55555500  16.44444500
  13.22222200  11.44444500  19.22222100
  14.11111100  11.44444500  20.44444500
  12.55555500  11.33333300  19.55555500
  11.44444500  11.33333300  18.11111000
  11.22222200  11.11111100  18.77777900
  12.33333300  11.00000000  19.33333400
   9.44444500  11.00000000  17.44444500
   8.33333400  11.00000000  15.77777800
   9.55555500  10.77777800  17.22222300
   8.66666700  10.77777800  15.77777800
   9.55555500  10.77777800  17.22222300
   9.33333400  10.77777800  16.11111000
   7.44444470  10.66666700  14.66666700
   9.66666700  10.55555500  16.33333400
  11.55555500  10.44444500  18.11111000
  11.66666700  10.33333400  19.22222100
  10.33333400  10.33333400  16.88889000
   9.22222200  10.33333400  14.44444500
   9.55555500  10.33333400  16.55555500
  10.33333400  10.22222200  19.11111000
   9.55555500  10.11111100   8.55555500
   9.44444500  10.11111100  16.44444500
  10.88888900  10.00000000  18.77777900
   9.77777800   9.88888900  15.88888900
   9.77777800   9.88888900  15.88888900
  11.55555500   9.77777800  17.55555500
  10.66666700   9.77777800  18.00000000
  11.55555500   9.77777800  17.55555500
   9.00000000   9.77777800  16.22222300
   8.11111200   9.77777800  14.33333300
   9.66666700   9.77777800  11.66666700
   7.66666650   9.66666700  13.77777800
   9.33333400   9.66666700  15.88888900
   8.88888900   9.55555500  17.44444500
  10.44444500   9.44444500  18.77777900
   9.77777800   9.44444500  16.22222300
  10.33333400   9.33333400  17.11111000
   9.77777800   9.33333400  17.33333400
   7.55555530   9.33333400  15.77777800
  10.88888900   9.22222200  18.66666800
   9.55555500   9.22222200  16.11111000
   9.77777800   9.00000000  17.00000000
  10.00000000   9.00000000  18.22222100
  10.00000000   9.00000000  17.88889000
   9.33333400   8.88888900  17.33333400
   9.44444500   8.55555500  17.11111000
  10.33333400   8.33333400  18.77777900
  10.22222200   8.11111200  18.00000000
   8.77777800   8.11111200  16.88889000
   7.55555530   8.11111200  15.88888900
  10.11111100   8.00000000  17.55555500
   6.77777770   8.00000000  12.77777800
   8.88888900   7.66666650  15.88888900
   8.55555500   7.66666650  11.77777800
   8.00000000   7.55555530  10.11111100
   8.66666700   7.44444470  13.77777800
   6.55555530   7.33333350  13.77777800
   6.55555530   7.33333350  13.77777800
   5.44444470   7.33333350  12.55555500
   6.55555530   7.22222230  12.66666700
   7.44444470   7.11111100  14.66666700
   8.66666700   7.00000000  16.33333400
   5.88888900   7.00000000  11.88888900
   6.66666650   7.00000000   9.55555500
   6.33333350   6.88888900  12.33333300
   6.00000000   6.77777770  11.33333300
   8.66666700   6.66666650  16.11111000
   6.33333350   6.55555530  13.88888900
   5.77777770   6.55555530  11.22222200
   6.55555530   6.44444470  11.55555500
   7.44444470   6.44444470  15.44444500
   6.55555530   6.44444470  11.55555500
   6.22222230   6.00000000   7.00000000
   6.00000000   5.88888900  12.44444500
   5.77777770   5.88888900  11.44444500
   7.44444470   5.66666650  12.44444500
   6.55555530   5.66666650  11.77777800
   6.22222230   5.55555530  11.55555500
   6.22222230   5.55555530  11.55555500
   5.66666650   5.33333350   8.33333400
   6.11111100   5.11111100  11.22222200
   5.33333350   5.00000000   9.55555500
   5.11111100   5.00000000  11.11111100
   5.11111100   4.88888900   9.44444500
   4.88888900   4.66666700  10.44444500
   4.88888900   4.66666700  10.44444500
   4.22222230   4.55555530   8.77777800
   4.00000000   4.44444470   8.77777800
   4.11111100   4.33333350   8.33333400
   5.00000000   4.22222230   9.66666700
   6.00000000   4.22222230  11.11111100
   4.22222230   4.22222230   8.88888900
   4.11111100   4.00000000   9.88888900
  95.11111500 128.88889000 105.11111500
 119.22222000 142.88889000 123.22222000
 129.77779000 146.33334000 132.77779000
  93.88888500 126.55556000 102.77778000
 101.00000000 129.22223000 104.66666400
 115.55556000 140.88889000 121.44444000
  96.44444000 130.66667000 107.66666400
 100.11111500 132.11111000 109.22222000
  99.44444000 131.11111000 108.44444000
 101.00000000 132.22223000 107.77778000
  98.55556000 130.55556000 107.11111500
 102.33333600 130.11111000 108.88888500
  99.00000000 129.33334000 108.00000000
 115.11111500 141.00000000 120.11111500
 111.44444000 140.00000000 118.22222000
 115.66666400 142.33334000 121.66666400
 115.11111500 142.22223000 121.33333600
 109.22222000 139.00000000 116.88888500
 126.55556000 145.44444000 131.11111000
 126.44444000 147.22223000 131.11111000
 129.44444000 145.55556000 131.55556000
 116.33333600 141.77779000 120.44444000
  83.33333600 122.55556000  90.33333600
  76.44444000 119.33333600  83.00000000
  88.00000000 125.66666400  93.77778000
  91.22222000 127.33333600  97.88888500
 100.77778000 126.33333600 103.00000000
  84.00000000 121.55556000  90.22222000
  88.11111500 124.55556000  93.11111500
 105.66666400 128.33334000 105.33333600
