 -0.3027  0.0033
 -0.2065 -0.2971
 -0.1249 -0.0027
 -0.6949 -2.3735
 -0.2478 -0.4830
 -0.6334  2.4261
  0.9326 -1.6842
 -0.7113 -0.5004
 -0.0531 -1.2475
 -0.0164 -0.3413
  0.1475 -0.7120
  0.6666  3.1645
 -0.1137  0.3693
 -0.0074  0.2980
 -0.7914  0.1664
 -0.0655 -0.2261
  0.9292  1.7164
  0.0551 -0.0653
  0.0569  1.0739
  0.0255 -0.0606
  0.7253  1.0226
  0.1824  1.2981
  0.7862  0.5726
  1.1351  0.3470
  0.9580  1.6542
  1.8381  0.1772
  0.2723  2.2945
  0.3480 -0.0910
  1.7757  2.0259
  0.4826 -0.9778
  0.4150  0.3177
 -0.9817  0.7766
  0.6181 -0.2299
  0.7967  0.3869
 -0.2565 -0.6484
 -0.8478 -1.0670
 -0.6989  0.9544
 -0.4814  0.2546
 -0.5218 -0.4459
 -0.6640 -1.2750
  0.8044  0.9759
  0.5219  1.5937
  0.2538 -0.5248
  1.3047 -0.2188
  1.3864  2.2878
 -0.3926  0.4005
  0.0091 -0.6939
 -0.3554  0.0236
 -0.1561 -0.9924
  0.2044  0.2605
  0.2579 -0.6403
 -0.6332  2.3486
 -0.6605 -1.0960
  0.1250 -2.1795
 -0.7454 -3.4242
 -0.7620 -0.5017
  0.0469  3.0117
 -0.9247 -2.0538
 -0.3432 -1.7314
  0.2105 -0.7538
  0.3578  0.6009
  0.3857 -0.5828
  0.0612  1.0117
 -0.3411  0.0858
  1.0922  1.7888
  0.1403  2.4363
  0.1837  0.0066
 -0.0131  1.8788
 -0.1785 -1.8979
 -0.1635  0.3449
 -0.3335  0.1210
  0.4443 -0.0173
  0.4116  0.2130
  0.3591  0.6855
  0.9226 -1.3108
  0.1616  1.2423
 -0.5568 -0.7635
 -1.3645 -3.0584
 -0.4850 -3.1407
  0.7940  0.6949
  0.3713 -0.8753
  0.2799 -1.4093
 -0.1303 -0.1105
 -0.7256  0.0138
  0.0225  1.6870
  0.7848  2.4862
  0.2499 -0.3185
 -0.3777 -1.2274
  0.0169 -0.3816
 -0.2324  1.9422
 -0.0817 -0.6073
  0.7074 -0.2869
 -0.3273  0.6341
  0.1898 -1.4072
 -0.8502 -0.7235
 -0.5869  0.8607
  0.6359  0.7111
 -0.3463 -1.3769
  0.0696 -0.9638
  0.0209  1.6144
 -0.0527 -0.6327
 -0.3098  0.1881
  0.5076  0.1291
  0.0524  0.1579
  1.2974  0.1469
  0.0939  1.2698
  0.7079 -1.0227
  1.1599 -0.7120
  0.0024 -0.6788
 -0.1890  0.0128
  0.1112  0.2526
  0.5820 -0.2606
 -0.0481 -1.3219
 -0.5234  0.1074
  0.3501  0.8992
 -0.2139 -1.7026
 -0.2491 -1.3544
  0.3579  0.5672
 -0.1796 -0.9372
  0.1192 -0.7718
 -0.6848 -0.6407
 -0.0411  0.5227
 -0.3875 -0.2663
 -1.2225 -0.5114
  0.1300 -0.3888
  0.2228 -0.9858
 -0.3757  0.5333
 -0.4523 -2.1246
 -0.0346  1.1076
  0.5148 -0.3764
 -0.4473 -0.2348
  0.2503  0.6929
 -0.2173  0.9716
  0.1799  0.1649
 -0.0063  0.7521
  0.0762  0.0999
  0.1544 -0.0990
  0.2883  1.4039
  0.5086  1.7245
  0.3501  1.1031
  0.2107  0.2696
  0.1526  0.5455
 -0.3211  0.6334
 -0.6559  0.6995
  0.0832  0.8993
 -0.0853  0.8506
  0.1218 -0.8166
  0.1022  1.1433
  0.1889 -0.4202
  0.3671  0.2221
 -0.3973 -0.5066
  0.2074 -0.0842
 -0.5715  0.8369
  0.0899  0.3736
 -0.1446 -0.2091
  0.4995  0.6596
 -0.3884  0.1799
 -0.4064 -1.6505
 -0.2658 -0.1373
  1.0122  0.5487
  0.6341  0.6110
 -0.1657  0.6683
 -0.2192 -1.5530
 -1.1812 -5.2400
  0.1889  1.2984
  0.9004  3.4974
  0.0717  2.4056
  0.4825 -0.2384
 -0.0227 -0.0806
 -0.1125 -0.4545
  0.2278  0.6044
 -0.1134  0.8794
  0.2439 -0.3923
  0.0176  1.3605
 -0.3208 -0.2016
 -0.7938  0.1717
  0.1363 -0.0082
 -0.0334  0.3590
 -0.0638  1.4588
 -1.0000 -0.4860
 -0.4285 -0.6615
  0.4314  0.8927
 -0.2851 -0.5975
  0.3058 -0.3450
 -0.1776  0.0661
 -0.1836 -1.2222
 -0.2915  0.2165
 -0.0137  0.0781
 -0.3513  0.4209
  0.1143 -0.2290
 -0.2039  0.4454
 -0.1947 -0.0810
 -0.0176 -0.2310
  0.5118  2.0707
  0.1034  0.7674
  0.0893  0.4027
 -0.2887 -0.8654
 -0.4207 -0.7016
 -0.4407 -1.4747
  0.1066 -0.6137
 -0.5387 -1.3307
  0.2653 -0.2334
  0.8782 -0.4996
 -0.0060  0.7752
  1.4985 -1.0174
  1.2928  0.2160
  0.0511  0.6533
  0.5596  1.0423
 -0.4585 -0.9763
 -0.0400 -1.1223
 -0.2695 -0.2280
 -0.2860 -0.9585
 -0.4166 -0.3952
  0.8245  1.0100
  0.9521  0.3470
  0.3694  2.5199
  0.3562 -0.0850
  0.1284  0.0699
  0.0160  0.7851
  0.3822  0.0620
 -0.0447 -0.0158
  0.5765  0.0552
 -0.1408  0.0449
  0.3157  0.2884
  0.8352  0.8651
 -0.4819 -0.8049
 -0.2279  0.4029
 -1.4540 -1.2069
  0.7733 -0.3611
 -1.0585 -1.8034
 -0.9639  0.4288
 -0.0171 -0.1221
 -1.3701 -0.8025
 -0.6072  0.6073
  0.4550  0.0227
 -0.3272 -2.1579
  0.0916 -0.7594
  0.4309 -0.6910
  0.3688  0.6528
 -0.0286 -0.1878
 -1.0929  0.0349
  0.1490  0.0150
 -0.1371  0.4892
 -1.0120  0.7948
 -0.2589 -0.7174
 -1.1657 -0.4379
 -0.3520  1.8350
  0.3807  1.5069
 -0.2648  0.0664
 -0.8498 -0.3007
 -0.0666 -0.8228
 -0.5289 -0.6553
  0.1561 -0.2140
  0.7792  0.6352
  0.4855  1.3316
 -0.1254  0.6557
  1.4310  1.2410
  2.0842 -0.7322
  0.2330  2.7930
 -0.1061 -0.0044
  0.9278 -0.2754
  0.6484  0.7428
 -0.1647 -0.3176
  0.0277 -0.5146
  1.4422  0.2053
 -0.4334 -3.8564
  0.5635  0.1837
  1.2625  1.5835
  0.0661 -2.2261
  0.2185  0.6438
  0.2485  0.5700
 -0.0441  1.7750
 -1.1311 -0.0812
  0.5596 -0.3910
 -0.3358 -0.0949
 -0.9513 -1.7789
 -0.4710  1.5511
 -0.2785  0.5824
 -0.7480  0.8311
  0.2355 -0.3487
 -0.3645  0.0723
  0.0676 -0.2120
  0.3600  0.5909
 -0.6894  0.3139
  0.1285 -0.2306
 -0.6171  0.2468
  0.6898  0.5586
 -0.8112 -1.4271
  0.2104 -1.3226
 -0.5336 -0.7302
 -0.4362 -0.8332
 -0.2275  1.5253
 -0.8116 -0.6079
 -0.0176 -0.4327
  0.2346 -0.0446
  0.2269 -0.0651
 -0.1810  0.7696
 -0.0066 -0.5295
  1.4251  0.6291
  0.2832  0.7553
 -0.2918 -0.3409
 -0.2568 -0.0305
 -0.6261 -0.6882
  0.1404 -0.6063
 -0.9782 -1.8576
 -0.4084 -0.1951
 -0.6694  1.1565
 -0.0042  1.3125
 -0.9040 -2.2123
 -0.4231 -1.6807
 -0.6560 -0.7762
 -0.9929  0.0063
 -0.0026  1.5878
  0.6876 -1.3563
  0.4747 -0.6661
 -0.1947 -0.9078
 -0.4001  0.0140
 -0.0529  0.8768
  0.5575  0.4895
 -0.2119  0.4772
 -0.9652 -0.8863
 -0.3022  0.3045
  0.3632 -0.4008
 -0.1078 -2.2378
 -0.5744  0.3321
 -0.0435 -0.3576
  0.2997  1.1702
 -1.8756 -0.0775
 -0.4163 -0.3423
  1.0348  1.7575
  0.9425  7.5367
  0.6523  0.4146
  1.0720  0.6641
 -0.0111  1.4907
  0.3131 -1.1870
  0.0760  0.0508
 -0.5406 -0.1082
 -0.5069 -0.1032
 -0.8353 -0.0107
  0.1171  0.4632
 -0.8689  2.0192
 -1.4154  0.7162
  0.3237 -0.6711
  0.9451  0.5249
 -0.0836 -0.6758
  0.5573  0.6381
 -0.0017  0.1587
 -0.1557  0.2330
 -0.5328  1.9504
 -0.1644  0.6186
  0.2842  0.5115
  1.3578  0.5943
 -0.0284  0.1214
 -0.4291  0.5847
 -0.5222 -0.7550
 -0.1607 -0.5667
  0.5513  1.5129
  0.0862  0.2291
 -0.3179  0.2115
 -0.5559 -1.0642
  0.6076  0.1567
 -0.4748  0.3037
  0.1240  0.0288
  0.1334 -1.7186
 -0.0988 -0.2423
  0.0736  1.8321
  0.5512 -0.3270
  0.1023 -0.3951
  0.3707 -1.0200
  0.1095  0.3395
 -0.3740  0.0097
  0.3677 -0.7457
 -0.1320 -0.3043
 -0.8733 -0.3502
  0.7612 -0.4091
  0.9134  0.3978
 -0.2868 -0.3857
 -0.5371  0.8359
 -1.5054 -0.5829
 -0.1733 -0.9712
 -0.3869  0.5501
 -0.3445 -1.1695
  0.2210  0.8231
 -0.2599 -0.8635
  0.1947  1.9807
  0.4757 -1.1764
  0.9774 -0.2086
 -0.0119 -0.1395
 -0.4241 -0.4526
  0.3295 -0.1814
  0.9539  0.2809
 -0.0513 -0.9795
 -0.0184  1.6961
  0.4619 -1.0059
  0.5289  0.0529
  0.3422  0.1059
  0.1884  0.2403
  0.2166 -0.3356
  0.1853  0.4707
  0.4413  0.3790
 -0.3244 -1.2388
 -0.3789 -1.0108
 -1.3298 -2.3495
 -0.2321 -0.6845
  0.1371  0.5283
 -0.3924 -1.0806
 -0.0889 -0.2858
  0.4596  1.4760
  0.5134  1.7236
  0.1055 -1.0035
  0.4353 -0.3925
 -0.0244  1.0585
 -0.5370 -0.5666
 -0.5180 -0.9029
 -0.3582 -1.2134
  0.4990 -0.3294
 -0.2215 -1.0310
  0.0691 -0.9613
 -1.3476  0.0497
 -0.6319  0.6508
 -0.0558  1.4351
  0.3311  1.0195
 -0.2889 -0.4161
  0.3225  0.3544
  0.9076  0.0794
 -0.5748 -0.1138
  0.1627  0.8889
 -0.1430 -1.5539
 -0.0137  0.1437
  0.0346  0.3755
 -0.0055  0.4103
  0.0081  0.0993
  0.1214 -0.2725
  0.8922  1.1084
  0.2705  2.5179
  0.0840 -1.0110
 -0.1003  0.6199
 -0.5153 -1.2262
 -0.6491 -1.3172
 -0.8727 -0.2579
 -0.5022 -0.4112
  1.8755 -0.5042
 -0.4799 -1.6342
 -1.0041 -3.1365
  0.5870  0.3946
 -0.0271  1.9417
 -1.6909 -2.0425
 -0.7844  1.1270
 -0.2853 -0.9910
 -0.3062  2.1833
 -0.9447 -1.2085
 -0.6815 -0.1937
 -2.1475  2.5038
 -0.6416 -0.0763
 -0.1213 -0.6941
 -2.4188 -2.6765
  0.8892 -4.2494
 -0.4541  1.6668
 -0.2889  1.2636
  0.8870 -0.6502
 -4.5564 -3.5052
 -0.2674 -4.4278
 -3.4149 -1.0955
  2.3560  0.6858
  9.0900  9.6643
 -0.8161 -0.8490
 -0.7183 -1.3952
 -0.1688 -0.9199
  0.5180  1.7146
 -3.8701 -2.2800
 -7.0272 -7.0568
  1.8274  0.2096
 -0.2444  0.5075
 -8.3824 -2.3875
 -1.3904  3.2747
 -7.0944 -9.9055
 -3.5280  1.7792
  1.6788 -6.4903
 -6.9644 -1.7931
 -9.1116 -9.9051
  2.6081 10.6320
 10.8260  3.8815
 -8.6310 -7.5517
 -1.6552 -6.6583
  3.5505  5.1943
  6.2618  4.5786
 -6.4403 -2.2147
 -8.6366 -7.8841
 -1.5041 -7.2055
-10.0003 -2.9705
  7.7344  2.6522
  9.2068 12.9308
  4.5311  1.0206
 -0.6530  1.2796
  1.4011 -0.3741
  7.4217  5.9357
 -2.4088 -1.7498
 -5.1531 -7.2377
  0.5970  1.3185
 -0.1001  0.4198
 -3.8524 -5.2814
 -7.4151 -3.9304
  4.9336 -1.9503
 -2.8074  1.6040
 -3.8005 -1.4156
  1.3433  2.0257
 -4.9751 -4.2051
-13.2772 -5.3813
  6.6846 -2.3588
  8.1681 11.8998
  0.2666  1.8631
  2.9912  0.2747
  0.7824  1.8765
  6.0129  1.0257
-10.2073 -8.2561
 -0.9766  2.0536
 -1.0112  0.3163
 -3.7571 -1.0740
 -1.3981 -3.4546
  9.0037  8.3357
